  0.12067927   -23.581457    17.916731
  0.14563484   -25.451878    14.220551
  0.17575106   -29.858604    10.734899
  0.21209508   -39.742973    6.9533262
   0.2559548   -72.380898    4.0701189
  0.30888435    168.85718    190.26439
  0.37275937    37.049004    17.353193
  0.44984326    15.695057    10.500729
  0.54286754    8.8528471    7.6567245
  0.65512854    5.2158327    5.9138741
  0.79060429     3.393688    4.8021951
  0.95409548    2.0212309    3.9446192
   1.1513954    1.3635101    3.1409242
   1.3894955    1.1113374    2.6193988
   1.6768329   0.86758661    2.1936622
   2.0235896   0.56012845    1.7015228
   2.4420531   0.38248435    1.5053982
   2.9470518   0.26674536    1.2142795
   3.5564804   0.16324887    1.0683253
   4.2919345   0.12689783   0.80090076
   5.1794748    0.1258994   0.63391012
   6.2505517   0.11960228   0.54295248
   7.5431199   0.11635964   0.45621291
   9.1029816  0.071967356   0.37412119
   10.985412  0.069851615   0.32745972
   13.257113  0.065549865   0.24472247
   15.998588  0.083065622   0.20462129
   19.306978  0.071130127   0.14478578
   23.299519  0.051201098   0.13457023
   28.117687  0.057604909   0.10640347
   33.932217  0.049554676  0.079878531
    40.94915  0.054012146  0.058358729
   49.417133  0.052590422  0.043911047
   59.636234  0.029523723  0.026004219
   71.968567  0.035722699  0.019682765
   86.851135  0.026964657  0.011279593
   104.81131  0.031214461 -0.0036264302
   126.48552 0.0070769615 -0.0010908924
    152.6418 -0.0098960446  0.010577726
     184.207  0.081731044  -0.10733841
   222.29965 0.0023428525 -0.023693729
   268.26959 -0.005798812 -0.013403113
   323.74576 -0.0072684339 -0.0034532649
     390.694 -0.0051855496 0.00088879454
   471.48663 -0.0017923627 0.0036196017
   568.98663 0.0017243022 0.0024171411
   686.64886 0.0014929944 -0.00072494539
   828.64276 -0.00024122218 -0.00089024327
        1000 -1.2872988e-05 0.00024628011