         100 -0.00052225625 0.0015391246
    100.4479 -0.00096085493 0.0011465951
    100.8978 -0.0012682787 0.0033307616
   101.34972 6.9135043e-05 0.0022492618
   101.80366 0.00019492685 0.0022865771
   102.25964 -5.4735519e-05 0.0021631902
   102.71765 -4.7542428e-05 0.0020391226
   103.17772 2.1635944e-05 0.0020129364
   103.63985 4.966386e-05 0.0019898976
   104.10405 3.1468713e-05 0.0019230751
   104.57033 5.0076997e-05 0.0018814353
    105.0387 7.1390597e-05 0.0018608434
   105.50916 7.8457335e-05 0.0018339853
   105.98174 8.4655621e-05 0.0017919462
   106.45642 8.8164743e-05 0.0017563418
   106.93324 8.590638e-05 0.0017534869
   107.41219 0.00012035792 0.0017025378
   107.89328 0.00012126093 0.0016832912
   108.37653 0.00012694864 0.0016243831
   108.86195 0.00014750309 0.0015874951
   109.34954 0.00014560545   0.00156916
   109.83931 0.0001368974 0.0015439392
   110.33128 0.00016182657 0.0015279683
   110.82545 0.00015295357 0.0014849411
   111.32183 0.00014617156 0.0014605129
   111.82043 0.00016511703 0.0014010735
   112.32128 0.00017491046 0.0013735931
   112.82436 0.00017439277 0.0013397634
    113.3297 0.0001767253 0.0012959664
    113.8373 0.00018203676 0.0012359804
   114.34718 0.00017597801 0.0011732865
   114.85933 0.00014719229 0.0011048312
   115.37378 0.00013985482 0.0009848628
   115.89053 3.1391195e-05 0.00085633458
   116.40961 -0.00011306801 0.00057587307
     116.931 -0.0011738539 0.00053981063
   117.45473 -0.002038734 0.0029115938
    117.9808 0.00087833172 0.0019883611
   118.50924 0.00033249392 0.0019822575
   119.04004 0.0002966703 0.0014605528
   119.57321 0.0003589963 0.0013472658
   120.10878 0.00031601681 0.0013690983
   120.64674 0.00030502176 0.0012748671
   121.18712 0.00030190242 0.0012266125
   121.72991 0.00026848773 0.0011843902
   122.27513 0.00026776028  0.001151827
    122.8228 0.00029072515 0.0010819701
   123.37292 0.0002798076 0.0010413137
    123.9255 0.00024387498 0.00095975865
   124.48056 0.00019939122 0.00086084247
    125.0381 2.5018759e-05 0.00071052037
   125.59814 -0.00048506947 0.00079926412
    126.1607 -0.00038450139 0.0019519413
   126.72577 0.00047330896 0.0014047633
   127.29337 0.00040191767 0.0012200796
   127.86351 0.0003248936 0.0010962101
    128.4362 0.00022699001 0.0010732471
   129.01146 0.00035418858 0.0011833467
   129.58931 0.0003735944 0.0010242793
   130.16974 0.00036125869 0.0009807857
   130.75276 0.00034961771 0.00092691625
   131.33839 0.00032865035 0.00088728929
   131.92665 0.00029016347 0.00089995889
   132.51755 0.00034910033 0.00089572015
    133.1111 0.00035542762 0.00082478835
   133.70729 0.00033132976 0.00081077707
   134.30617 0.00032394481 0.00077146786
   134.90771 0.00030569462 0.00073381898
   135.51196 0.00030390717 0.00068487035
   136.11891 0.00030038864  0.000656221
   136.72859 0.00027660382 0.00061126158
   137.34099 0.00025663609 0.00055162061
   137.95613 0.0002292236 0.00050767593
   138.57404 0.00019918893 0.00043953315
    139.1947 0.00013751103 0.00035235463
   139.81816 7.5436183e-05 0.00024178968
    140.4444 -8.7256994e-05 6.4128311e-05
   141.07344 -0.00046828872 -0.00014275197
   141.70531 -0.0011546431 0.00021254625
      142.34 -0.0016998975 -0.0006030621
   142.97754 -0.0031408453 0.0023360553
   143.61792   0.00221928 0.0042291777
   144.26118 -0.00025588149 0.0013859516
   144.90733 0.00081638939 0.0014129636
   145.55637 0.00091209135 0.00075108733
   146.20831 0.00078971643 0.0013478731
   146.86317 0.00059196638 0.00091911387
   147.52097 0.00041301924  0.001010056
    148.1817 0.00049703196 0.00066422363
   148.84541 0.00053045887 0.00078442588
   149.51208 0.00059120299 0.00066152023
   150.18173 0.00052331772 0.00068313739
    150.8544 0.00042901171 0.00086170563
   151.53008 0.00045330173 0.00081403449
   152.20877 0.00070499507 0.00040706038
    152.8905 0.0002948574 0.00074147183
    153.5753 0.00044841514 0.00059605588
   154.26315 0.00043265906 0.00056838698
    154.9541 0.00030750153 0.00059249933
   155.64813 0.00036163314 0.00078109838
   156.34528 0.00049636076 0.00064112479
   157.04555 0.00045712813 0.00057882682
   157.74895 0.00045474462 0.00056871463
   158.45549 0.00044673943 0.00053203502
   159.16521 0.00043431754 0.00050747721
   159.87811 0.00041918532 0.00049023959
   160.59419 0.00038103791 0.00047455594
   161.31349 0.00034788283 0.00052836776
   162.03601 0.00044066893 0.00050712784
   162.76176 0.00042421761 0.00046802423
   163.49077 0.00040969593 0.0004410996
   164.22304 0.00039825327 0.00042349921
   164.95859 0.00038846832 0.00041216641
   165.69743 0.00038214726 0.0004203268
   166.43959 0.00039560287 0.00040097127
   167.18506 0.00038169965 0.00037657624
   167.93388 0.00037584206 0.00036208259
   168.68605 0.00036392466 0.00034265788
   169.44159 0.00034297121 0.00032893551
   170.20052 0.00029974891 0.00031246725
   170.96283 0.00026354028 0.00039069037
   171.72858 0.00038554161 0.00040706462
   172.49774 0.00037486549 0.00033542447
   173.27036 0.00036068735 0.00030882188
   174.04642 0.00035397403 0.00029918572
   174.82597 0.00034012867 0.00028313574
   175.60901 0.00033465537 0.00027371669
   176.39555 0.00032206631 0.00025543352
   177.18562 0.00031215278 0.0002432567
   177.97923 0.00029651471 0.00022971943
    178.7764 0.00025781681 0.00021547619
   179.57713 0.00019179696 0.0002964887
   180.38145 0.00036433229 0.00031238879
   181.18938 0.00032757569 0.00026565744
   182.00092 0.00030409018 0.00020935362
    182.8161 0.00027665295 0.00020371517
   183.63492 0.0002356937 0.0001884228
   184.45741   0.00018519 0.00023156223
    185.2836 0.00025622887 0.00033856908
   186.11348 0.00033820455 0.00022943369
   186.94707 0.0003032056 0.0001933991
   187.78439 0.00028610343 0.00018118798
   188.62547 0.00027541936 0.00016876112
   189.47032  0.000259272 0.0001539341
   190.31895 0.00024937507 0.00014248712
   191.17139 0.00023060647 0.00013591906
   192.02765 0.00020537447 0.00012830937
   192.88773 0.00015159087 0.00014557756
   193.75166 0.00018035022 0.00027593132
   194.61948 0.00029992763  0.000180623
   195.49117 0.00025505788 0.00013033404
   196.36676 0.00023867993 0.00011429473
   197.24629 0.0002222866 0.00011078329
   198.12975 0.00021068008 9.7122371e-05
   199.01717 0.00019600838 9.1110582e-05
   199.90855 0.00017983047 8.3110346e-05
   200.80394 0.00016592159 7.7554927e-05
   201.70334 0.00015847318 6.8159912e-05
   202.60675 0.00012766101 6.1673287e-05
   203.51422 9.2019989e-05 6.1787192e-05
   204.42575 9.9132558e-05 0.00013160291
   205.34137 0.00013602592 7.5083502e-05
   206.26109 9.8550081e-05 6.1548802e-05
   207.18492 5.4743788e-05 4.1742558e-05
    208.1129 3.4551424e-05 4.5769542e-05
   209.04503 -1.0678843e-05 4.3698259e-05
   209.98134 -7.6219665e-05 4.3132837e-05
   210.92184 -0.00022854903 0.00010369029
   211.86655 -0.00026401074 0.00056108524
   212.81549 0.00035688153 0.00041832187
   213.76869 0.00014766502 0.00011990567
   214.72615 -7.0058154e-06 0.0001058714
    215.6879 -0.00016979202 0.00018582442
   216.65396 -0.00035359777 0.00058506092
   217.62434 0.00038845223 0.0010163819
   218.59908 0.00065056642 0.00031149891
   219.57817 0.00044959868 0.00015269806
   220.56166 0.00034762255 0.00010273852
   221.54955 0.0003011433 9.248047e-05
   222.54187 0.00026223005 5.8256865e-05
   223.53862 0.00021375997 5.1928237e-05
   224.53984 0.00016955921 4.9247617e-05
   225.54555 0.00010686956 0.00010480784
   226.55576 0.00015658393 0.0001685462
    227.5705 0.00022859314 0.00014023397
   228.58978 0.00021430549 6.9098933e-05
   229.61362 0.00018543264 5.2526761e-05
   230.64206 0.0001570388 4.398674e-05
   231.67509 0.0001328019 3.5636374e-05
   232.71275 7.9011887e-05 1.8774757e-05
   233.75507 1.516478e-05 0.00010695542
   234.80205 0.0001276899 0.00017888905
   235.85373 0.00015299652 0.00010835036
   236.91011 0.00016909586 8.5654552e-05
   237.97122 0.00012655981 3.098142e-05
   239.03708 8.7449902e-05 3.4050321e-05
   240.10773 4.6842233e-05 4.3452514e-05
   241.18315 1.2530929e-05 5.9582515e-05
   242.26341 -3.5389057e-05 0.00010228619
    243.3485 -5.3735439e-05 0.00020834774
   244.43845 0.00011467678 0.00029890751
   245.53328 0.00017695245 0.00011489895
   246.63301 3.4345543e-05 5.4835677e-05
   247.73767 -0.00010266499 0.00012096545
   248.84729 -0.00024296658 0.00041389052
   249.96187 0.00037123804 0.00078064593
   251.08144 0.00058630895 0.0001308662
   252.20602 0.00035820459 1.3478354e-05
   253.33565 0.00026146939 -6.1827318e-06
   254.47032 0.00021265795 -8.083397e-06
   255.61009 0.00016376705 -1.325119e-05
   256.75497 0.00011693171 -4.3531263e-06
   257.90497 5.6274461e-05 5.0633469e-05
   259.06012 0.00016696179 0.00011586559
   260.22043 0.00017309291 7.5168195e-05
   261.38596 0.00015944874 -4.5136053e-06
   262.55667 0.00010065158 -1.1879168e-05
   263.73267  7.42661e-05 1.6554745e-06
   264.91391 4.3336215e-05 7.6321485e-06
   266.10046 5.1983734e-06 3.3632874e-05
   267.29233 -3.4591812e-05 0.00013556621
    268.4895 0.00015952442 0.00011998276
   269.69208 0.00010589822 4.5935165e-05
   270.89999 2.041386e-05 1.9116118e-05
   272.11334 -2.123069e-05 0.00013194566
   273.33215 0.00015915869 0.00010751691
    274.5564 5.9326117e-05 1.4493715e-05
   275.78613 2.333199e-05 2.3219151e-05
   277.02136 -2.2910024e-05 3.4246059e-05
   278.26212 -5.2147199e-05 6.6037472e-05
   279.50845 -8.9301953e-05 8.4578984e-05
   280.76038 -0.00010377065 0.00013696776
   282.01788 -0.00011443181 0.00015656224
   283.28104 -0.00016733501 0.00018946489
   284.54984 -0.0002754835 0.00027456824
   285.82431 -0.00039784191 0.00070314977
   287.10452 0.00039752197 0.00090314395
   288.39044 0.00028358289 0.00020358589
   289.68216 0.00038323033 0.00025915075
   290.97961 -1.2634611e-05 0.00019284262
    292.2829 0.00026949093 0.00041985186
   293.59204 -0.00017907481 0.00056433823
   294.90701 0.0010213205 0.00093361142
   296.22791 0.00046172671 -5.231507e-05
   297.55469 0.00038869405 0.00029414188
   298.88745 0.0005546441 0.00044931975
   300.22614 0.00092114497 0.00016786176
   301.57086 0.00072333874 -0.00024327914
   302.92157 0.00040150541 -0.00022889156
   304.27835 0.00051778252 8.5722597e-05
    305.6412 0.00049531821 -0.00026577763
   307.01016 0.00032963962 -0.00022064538
   308.38525 0.00026793449 -0.0001855617
   309.76648 0.00025387481 -0.00017714912
   311.15393 0.0002143297 -0.00014013624
   312.54758 0.00030481108 -9.5764022e-05
   313.94748 0.00023656963 -0.00018788857
   315.35364 0.00018735569 -0.00015867157
   316.76608 0.00017325068 -0.00012057512
   318.18488 0.00016355824 -0.00013005424
   319.61002 0.00016743054 -7.4482457e-05
   321.04153 0.00021335938 -0.00012556631
   322.47946 0.00015768346 -0.00015135642
   323.92386 0.00012195515 -0.0001277917
   325.37469 0.00013821143 -7.8493074e-05
   326.83203 0.0001320736 -0.00012132351
    328.2959 0.00010449308 -9.5878073e-05
   329.76633 0.00012477163 -2.5055107e-05
   331.24335 0.00020172202 -0.00014029896
   332.72696 0.00011954645 -0.00013825526
   334.21725 0.00010855548 -0.00011557021
    335.7142 9.409932e-05 -0.00010221864
   337.21783 0.00010280021 -0.00010392135
   338.72824 9.5558949e-05 -0.000106171
   340.24539 8.6689055e-05 -0.0001003438
   341.76932 8.9964473e-05 -8.3216219e-05
   343.30011 8.3594801e-05 -9.904828e-05
   344.83774 7.1685739e-05 -9.1208982e-05
   346.38226 6.6843291e-05 -8.696536e-05
   347.93369 6.3934211e-05 -8.2467544e-05
   349.49207 5.7601112e-05 -7.3222247e-05
   351.05743 6.0468617e-05 -6.8867157e-05
   352.62982 5.5965185e-05 -6.886429e-05
   354.20923 4.6102032e-05 -6.6394947e-05
   355.79572 3.3246004e-05 -5.4239455e-05
   357.38931 2.8814264e-05 -3.7367459e-05
   358.99005 2.4005089e-05 -1.2927418e-05
   360.59796 2.9057292e-05 2.2697077e-05
   362.21307 7.8958255e-05 6.0273647e-05
   363.83539 0.00012093172 2.2213815e-05
     365.465 9.9532612e-05 5.5158718e-05
   367.10193 0.00020906967 7.5058029e-05
   368.74615 0.00025012941 -2.3170901e-06
   370.39777 0.00028814177 -8.1188235e-05
   372.05676 0.00023412303 -0.00019329545
   373.72318 0.00015279737 -0.00019193457
   375.39706 0.00010666937 -0.00019654086
   377.07846 7.0867041e-05 -0.00016865321
    378.7674 5.6446828e-05 -0.0001393267
   380.46387 6.7408531e-05 -0.00013389665
   382.16797 6.1829785e-05 -0.00013298659
   383.87967 4.6681369e-05 -0.00013664535
   385.59906 3.5120913e-05 -0.00012192907
   387.32614 4.2825577e-05 -0.00011131684
   389.06097 4.3600176e-05 -0.0001184077
   390.80356 3.238058e-05 -0.00010676778
   392.55396 4.4649954e-05 -8.8966837e-05
   394.31219 6.6443048e-05 -0.00011955662
   396.07831 2.7609438e-05 -0.00013551101
   397.85233 2.8924167e-05 -0.00011606425
   399.63431 1.4859647e-05 -0.00012891341
   401.42426 2.7889055e-06 -0.00011510134
    403.2222 2.8954473e-06 -0.00010728042
   405.02823 -6.1199341e-07 -0.00010283205
   406.84235 -3.4119601e-06 -9.7460033e-05
   408.66458 -6.2529721e-06 -9.3597409e-05
   410.49496 -4.8070292e-06 -8.9069734e-05
   412.33356 -4.5818215e-06 -8.4255771e-05
   414.18039 -4.3704977e-06 -8.3139486e-05
   416.03549 -7.4812178e-06 -8.2959035e-05
    417.8989 -9.5352025e-06 -7.7578152e-05
   419.77066 -1.0473324e-05 -7.411062e-05
   421.65079 -8.5948286e-06 -7.1368049e-05
   423.53937 -6.969055e-06 -6.6955799e-05
   425.43637 -2.2590871e-06 -6.6208842e-05
   427.34189 -3.7104896e-06 -6.8557179e-05
   429.25595 -5.2570249e-07 -6.8090543e-05
   431.17856 -2.8556385e-06 -7.5345328e-05
    433.1098 -9.4667112e-06 -7.3650008e-05
   435.04968 -1.1460592e-05 -7.0552618e-05
   436.99826 -1.6878515e-05 -7.0288006e-05
   438.95557 -1.9954621e-05 -6.5890628e-05
   440.92163 -2.0541978e-05 -6.2914158e-05
   442.89651 -2.1739956e-05 -5.6254059e-05
   444.88022 -1.3361881e-05 -5.2627489e-05
   446.87283 -1.1665737e-05 -6.1983512e-05
   448.87436 -1.8263179e-05 -6.1380793e-05
   450.88486 -1.8500961e-05 -6.1874038e-05
   452.90436 -2.2983439e-05 -6.0560047e-05
   454.93289 -2.7014785e-05 -5.6076722e-05
   456.97052 -2.6680647e-05 -5.1575837e-05
   459.01727 -2.5428633e-05 -5.1291336e-05
   461.07321 -2.7340744e-05 -4.9154514e-05
   463.13834 -2.9349079e-05 -4.6694837e-05
   465.21271 -2.8591412e-05 -4.598462e-05
   467.29639 -2.9347158e-05 -4.5291006e-05
   469.38937 -2.9451323e-05 -4.1817737e-05
   471.49176 -2.8187085e-05 -3.840345e-05
   473.60358 -2.8784592e-05 -3.7238697e-05
   475.72482 -2.9037001e-05 -3.5994741e-05
   477.85556 -2.9499341e-05 -3.412176e-05
   479.99588 -2.8119559e-05 -3.2155011e-05
   482.14575 -2.7620852e-05 -3.1321826e-05
   484.30527 -2.8275585e-05 -2.9458004e-05
   486.47446 -2.7575963e-05 -2.7680246e-05
   488.65338 -2.6386966e-05 -2.6985505e-05
   490.84204 -2.7544349e-05 -2.4641204e-05
    493.0405 -2.603812e-05 -2.3426128e-05
   495.24881 -2.6759933e-05 -2.3345796e-05
   497.46701 -2.5387275e-05 -2.1260455e-05
   499.69516 -2.5451342e-05 -2.0779338e-05
   501.93326 -2.4663741e-05 -1.9477198e-05
    504.1814 -2.3224062e-05 -1.7071101e-05
   506.43964 -2.3428829e-05 -1.7188962e-05
   508.70795 -2.0422751e-05 -1.450018e-05
   510.98645 -1.9040495e-05 -1.3795685e-05
   513.27515 -1.7084378e-05 -1.4157106e-05
    515.5741 -1.6340055e-05 -1.4705852e-05
    517.8833 -1.4849723e-05 -1.3814314e-05
   520.20288 -1.213941e-05 -1.3927041e-05
   522.53284 -8.8411089e-06 -1.2889998e-05
   524.87329 -5.02177e-06 -1.7146896e-05
   527.22418 -3.2469359e-06 -2.0530793e-05
   529.58557 -1.8050135e-06 -2.25355e-05
   531.95758 -7.9345739e-07 -3.1530402e-05
   534.34021 -8.3322038e-06 -2.8338067e-05
   536.73352 -1.3252715e-06 -3.1682837e-05
   539.13751 4.9326877e-06 -4.2303443e-05
   541.55231 -3.3688278e-07 -6.8336201e-05
   543.97791 -5.0254032e-05 -7.7689401e-05
   546.41431 -4.9870934e-05 -4.9607555e-05
   548.86169 -5.7918514e-05 -4.1335647e-05
   551.32007 -6.0409198e-05 -2.8636379e-05
   553.78937 -5.948418e-05 -1.6780383e-05
   556.26978 -5.3059925e-05 -9.4695724e-06
   558.76129 -4.8373346e-05 -5.4297529e-06
   561.26398 -4.4573444e-05 -3.1538079e-06
   563.77783 -4.2137803e-05 -1.2387604e-06
   566.30298 -3.9488241e-05 -1.8438135e-07
   568.83948 -3.7430382e-05 4.1807905e-07
   571.38727 -3.6324203e-05 1.3720896e-06
   573.94647 -3.5042951e-05 2.8864604e-06
   576.51721 -3.2176111e-05 2.4698354e-06
   579.09937 -3.0833355e-05 4.4652998e-06
   581.69318 -3.0046313e-05 4.993924e-06
   584.29852 -2.9705876e-05 3.8800886e-06
   586.91559 -2.8522747e-05 5.3450863e-06
   589.54437 -2.6461488e-05 6.1719456e-06
   592.18494 -2.5847927e-05 5.9385075e-06
   594.83728 -2.5396779e-05 5.7375455e-06
   597.50153 -2.3680566e-05 5.9650642e-06
   600.17773 -2.2824746e-05 2.4216865e-06
   602.86591 -3.0370426e-05 7.0974861e-06
   605.56616 -2.7010376e-05 1.0387625e-05
   608.27844 -2.4227556e-05 1.1356043e-05
   611.00293 -2.2964437e-05 1.1753779e-05
   613.73956 -2.2295597e-05 1.127451e-05
   616.48846 -2.0840364e-05 1.1202343e-05
   619.24969 -2.0067595e-05 1.2368643e-05
   622.02332 -1.8443272e-05 1.2182235e-05
   624.80933 -1.8029308e-05 1.2583982e-05
   627.60785 -1.6997597e-05 1.2781947e-05
   630.41888 -1.6734368e-05 1.342847e-05
   633.24249 -1.6052549e-05 1.3164865e-05
    636.0788 -1.5043255e-05 1.3553279e-05
   638.92773 -1.4263496e-05 1.3673883e-05
   641.78949 -1.2907181e-05 1.311771e-05
   644.66406 -1.329219e-05 1.2728982e-05
   647.55145 -1.2445988e-05 1.3606509e-05
   650.45184 -1.1537539e-05 1.3977983e-05
   653.36517 -1.0966495e-05 1.4270382e-05
   656.29156 -1.0274125e-05 1.3568919e-05
   659.23108 -9.516003e-06 1.4515143e-05
   662.18378 -9.2452747e-06 1.4175431e-05
   665.14966 -8.6090577e-06 1.4061098e-05
   668.12885 -7.8202665e-06 1.3491162e-05
    671.1214 -7.0895258e-06 1.4085049e-05
   674.12732 -6.3116377e-06 1.3472547e-05
   677.14673 -5.4622069e-06 1.4365235e-05
   680.17963 -5.207321e-06 1.3626752e-05
   683.22614 -5.0491967e-06 1.3680415e-05
   686.28625 -4.2724973e-06 1.3315923e-05
   689.36011 -3.8003427e-06 1.3918794e-05
   692.44775 -3.5526514e-06 1.3123242e-05
   695.54919 -3.035665e-06 1.2806407e-05
   698.66455 -2.5908071e-06 1.2649112e-05
   701.79382 -1.9116753e-06 1.2882472e-05
   704.93713 -1.7198764e-06 1.2064789e-05
   708.09454 -1.2567332e-06 1.221442e-05
   711.26605 -4.7688161e-07 1.1658494e-05
   714.45178 1.5667057e-07 1.1435835e-05
   717.65179 1.696924e-08 1.1420063e-05
   720.86615 1.9265062e-07 1.0944498e-05
   724.09491 3.3581824e-07 1.0916037e-05
   727.33807 1.2399537e-06 1.0038098e-05
   730.59583 1.8965054e-06 1.0300742e-05
    733.8681 2.0806626e-06 9.7540769e-06
   737.15509 2.2208606e-06 9.2471546e-06
   740.45679 3.0554481e-06 9.0023323e-06
   743.77325   3.0464e-06 9.5218975e-06
   747.10461 3.1177133e-06 8.3613859e-06
   750.45087 3.2240691e-06 8.678262e-06
   753.81213 3.3560982e-06 7.8485673e-06
   757.18842 3.8125308e-06 7.2943235e-06
   760.57983 4.2682623e-06 7.6769957e-06
   763.98645 4.530385e-06 6.9631183e-06
   767.40833 3.8347926e-06 7.2907164e-06
   770.84552 4.194058e-06 6.673898e-06
    774.2981 4.0695213e-06 6.1391797e-06
   777.76617 4.9075234e-06 6.2799522e-06
   781.24976 4.6413625e-06 5.5046212e-06
   784.74896 5.4663142e-06 5.3378008e-06
   788.26379 4.9345758e-06 5.0137955e-06
   791.79443 4.9127129e-06 4.7298504e-06
   795.34082 5.0805074e-06 4.1912826e-06
   798.90314 4.7576041e-06 4.2458269e-06
   802.48138 5.1918009e-06 3.4838965e-06
   806.07568 5.3671015e-06 3.3585093e-06
    809.6861 5.4924276e-06 3.5715293e-06
   813.31262 4.9516157e-06 2.7539734e-06
   816.95544 5.0686895e-06 2.3076022e-06
   820.61456 5.1725592e-06 2.2521347e-06
   824.29004 5.3299996e-06 2.0724308e-06
   827.98206 5.4114607e-06 1.9374745e-06
   831.69055 5.2477176e-06 1.5019822e-06
   835.41565 5.0283388e-06 1.0066035e-06
   839.15747 4.8529346e-06 9.9316424e-07
   842.91602 4.8800657e-06 6.0187227e-07
   846.69141 4.9266255e-06 6.9465995e-07
    850.4837 4.3817909e-06 1.7476307e-07
   854.29297 4.513623e-06 2.8893473e-07
   858.11932 4.1508451e-06 -1.0791607e-07
   861.96283 4.1911499e-06 -2.3353876e-07
   865.82355 3.9499578e-06 -4.5783554e-07
   869.70154 3.8772787e-06 -6.2185586e-07
   873.59692 3.6037823e-06 -7.4973616e-07
    877.5097  3.37808e-06 -1.0743238e-06
   881.44006 3.6539793e-06 -1.1624114e-06
     885.388 3.6015465e-06 -9.3736054e-07
   889.35364 2.9339133e-06 -1.3187428e-06
   893.33698 2.7423487e-06 -1.7141155e-06
    897.3382 2.3553155e-06 -1.6789053e-06
   901.35736 2.5273036e-06 -1.5245485e-06
   905.39453  2.26678e-06 -1.7265179e-06
   909.44977 1.6470807e-06 -1.516445e-06
   913.52313 2.0870559e-06 -1.5858828e-06
   917.61481 1.6340731e-06 -1.4834839e-06
   921.72473 2.2405432e-06 -1.8149788e-06
   925.85315 1.5273658e-06 -1.814779e-06
         930 1.0623647e-06 -1.7575853e-06