         0.1    193.57661   -494.18839
   0.1274275    153.49702   -369.28268
  0.16237767    128.72118   -321.30383
  0.20691381    188.58434   -282.94513
  0.26366508    249.49997   -270.84326
  0.33598182    367.32153   -313.59311
  0.42813325    3634.8699    -6526.873
  0.54555947   -269.69458    134.90929
  0.69519281   -101.51039    45.098709
  0.88586676   -49.486469    15.453044
   1.1288379   -26.460484    7.8561025
   1.4384499   -15.474551    3.5573354
   1.8329808    -9.036356    1.6968926
   2.3357215    -5.567245   0.84019399
   2.9763515   -3.3102798    0.5291248
   3.7926903   -1.9776602   0.26772588
   4.8329301   -1.3066063   0.16508003
   6.1584821  -0.74908525   0.10436169
   7.8475995  -0.48959959  0.073912971
          10   -0.2773644    0.0281587