   3.2779441   -2.7081087   0.38613039
   3.4319713   -2.4657745   0.35677668
   3.5932362   -2.2464316   0.31500894
    3.762079   -2.0491419   0.29085398
   3.9388554   -1.8596336   0.25593546
   4.1239381   -1.6964387   0.24160872
    4.317718   -1.5546986   0.21968731
   4.5206032   -1.4086076   0.20106699
   4.7330222   -1.2796623   0.17625645
   4.9554219    -1.169241   0.16532406
   5.1882725   -1.0632416   0.14934129
   5.4320645  -0.97089738    0.1443264
   5.6873116  -0.88391817   0.12727313
   5.9545531  -0.80623835   0.11488342
   6.2343516  -0.73418134   0.11155614
   6.5272975   -0.6679849   0.10343808
   6.8340087  -0.60910958  0.096017458
   7.1551323  -0.55461985   0.08855515
   7.4913449   -0.5052585  0.081016749
   7.8433557  -0.46076819  0.078852423
   8.2119074  -0.42021528   0.07327982
   8.5977764  -0.38154718  0.069385052
   9.0017776   -0.3469097  0.062658451
   9.4247627   -0.3143858  0.059500448
   9.8676224  -0.28904718  0.056422643
   10.331292  -0.26177588  0.052493677
    10.81675  -0.23885797  0.049855746
   11.325018  -0.21508555  0.046423398
    11.85717  -0.20514528  0.045049984
   12.414327   -0.1824823  0.045285553
   12.997663  -0.15499285  0.036626793
   13.608411  -0.17272039  0.027909182
   14.247857  -0.14144745  0.040000983
    14.91735  -0.11539496  0.031046223
   15.618301  -0.11222666  0.028868534
    16.35219  -0.10011894  0.023720898
   17.120564 -0.091374397  0.026924755
   17.925041 -0.081477538   0.05662588
   18.767321 -0.079149731  0.020995907
   19.649179 -0.058706395 0.0080783274
   20.572475 -0.063781902  0.024872093
   21.539156 -0.058173936  0.021470545
   22.551258 -0.050244559  0.021393707
    23.61092 -0.046981517  0.020310992
   24.720375 -0.042398781  0.019958695
    25.88196  -0.03820128  0.017202875
   27.098129 -0.033733632  0.016313415
   28.371443 -0.032195613  0.014958335
   29.704588  -0.02999334  0.014493494
   31.100378 -0.024963826  0.018359713
   32.561756 -0.026286026  0.018691646
   34.091801  -0.01854576  0.016599966
   35.693741 -0.018864453  0.015868437
   37.370953 -0.015281134  0.011827983
   39.126976 -0.014238563  0.012511962
   40.965515 -0.012894002 0.0098696714
   42.890446  -0.01177255 0.0095368698
   44.905823 -0.010948165 0.0089139026
   47.015903 -0.0084445709 0.0081066843
   49.225136 -0.0082132379 0.0078922762
   51.538177 -0.0066246134 0.0072789411
   53.959904 -0.0057767401 0.0065971212
   56.495426 -0.0045641786 0.0058268383
   59.150093 -0.0036349213  0.005857585
   61.929497 -0.0034085675 0.0050790892
     64.8395 -0.0028430442  0.004676112
   67.886246 -0.0023085969 0.0036063937
   71.076157 -0.0018242706 0.0030461282
   74.415955 -0.0031432698  0.006691216
   77.912689 -0.0019541683 0.0046184659
    81.57373 -0.0012707236 0.0035243584
   85.406799 -0.00073953898  0.003296084
   89.419975 -0.0005286911 0.0027632006
   93.621735 -0.00027692315 0.0025902377
   98.020927 -0.00022279986 0.0019392106
   102.62683 -1.4785986e-05 0.0020748111
   107.44917 0.00015291684 0.0019609919
    112.4981 0.00017950381  0.001348082
   117.78427 2.3792943e-05 0.0022927988
   123.31884 0.0002496544 0.0010158925
   129.11346 0.00033288891 0.0010980102
   135.18039 0.0003820376 0.0007048804
   141.53238 -0.0012542844 0.00034948884
   148.18285 0.00053846033 0.00084639085
   155.14581 0.00030175946 0.00067825697
   162.43596 0.00042226128 0.00046971871
   170.06866 0.0002800088 0.00032517628
   178.06003 0.00028276301 0.00023928942
    186.4269 0.00030107389 0.00021415079
    195.1869 0.00025955486 0.00012872553
   204.35855 9.5062489e-05 0.00012809555
   213.96115 0.00010567017 0.00013637003
   224.01498 0.00021509336 5.6484718e-05
   234.54123 0.00010527737 0.00017441351
   245.56209 0.00015900606 0.00011851944
    257.1008 0.00011060372 1.0445974e-05
   269.18173 9.4176517e-05 8.3531741e-05
   281.83029 -0.00010000612 0.00015601187
   295.07324 0.0011094678 0.00050264428
   308.93845 0.00028532717 -0.00017571851
   323.45514 0.00013556737 -0.00013188639
   338.65399 9.3737573e-05 -0.0001072906
   354.56702 4.1132163e-05 -6.4461223e-05
   371.22775 0.00026586905 -0.00014545856
   388.67139 4.830569e-05 -0.00011662323
   406.93466 -2.7369056e-06 -9.6520533e-05
   426.05612 -1.8138144e-06 -6.7929861e-05
   446.07608 -8.9395608e-06 -5.8705249e-05
   467.03677 -2.8672128e-05 -4.3989614e-05
   488.98236 -2.687473e-05 -2.8263799e-05
   511.95917 -1.8899844e-05 -1.3444846e-05
   536.01562 -3.4585737e-06 -3.0637017e-05
   561.20245 -4.6024612e-05 -2.765112e-06
   587.57281 -2.6975984e-05 5.5431969e-06
   615.18231 -2.0234791e-05 1.1639033e-05
   644.08911 -1.2465808e-05 1.3331064e-05
   674.35419 -6.4751775e-06  1.31033e-05
   706.04144 -1.2129798e-06 1.2351428e-05
   739.21765 2.7642188e-06  9.84904e-06
   773.95276 4.9796649e-06 6.277412e-06
   810.32001 5.445112e-06 3.3239178e-06
   848.39618 4.2392776e-06 5.2496353e-07
   888.26147 3.5696137e-06 -9.4662295e-07
         930 9.5120924e-07 -1.596262e-06